0 296 136 354 309 416 572 302 169 313;296 0 266 270 476 583 664 468 334 80;136 266 0 222 204 340 467 226 300 197;354 270 222 0 176 548 410 284 470 194;309 476 204 176 0 337 272 140 471 408;416 583 340 548 337 0 364 166 578 515;572 664 467 410 272 364 0 257 733 587;302 468 226 284 140 166 257 0 470 407;169 334 300 470 471 578 733 470 0 399;313 80 197 194 408 515 587 407 399 0
